FAIDs
249673112
249707027
249700998
249646316
249640996
249678699
249643271
249701889
249662297
249705161
249693862
249692575
249655234
249678772
249650508
249633975
249641234
249745795
249655614
249634916
249700725
249689480
249702499
249686171
249652439
249699604
249647678
249648817
249709544
249656737
249663097
249626698
249669839
249681081
249689555
249689753
249733999
249706276
249686627
249701947
249675612
249677394
249640475
249745613
249625302
249689019
249659889
249678731
249651753
249585639
249703778
249716424
249730177
249682279
249689829
249684671
249741869
249715178
249686163
249682972
249671264
249688359
249678400
249680620
249668138
249674144
249641788
249633025
249689548
249669029
249675828
249684309
249662388
249669193
249659327
249633942
249730367
249673468
249665886
249693672
249681933
249687823
249639782
249599770
249715152
249678327
249700212
249682733
249682741
249693425
249657156
249752122
249691437
249645946
249697111
249641580
249675596
249657438
249650441
249699455









