FAIDs
249634049
249679879
249649088
249651894
249649799
249700105
249682816
249683855
249664467
249631979
249695974
249619123
249696527
249675117
249664814
249692260
249671462
249633058
249650789
249679135
249679259
249706235
249704784
249693912
249706250
249636424
249681396
249653718
249708264
249741935
249631748
249589466
249745688
249635079
249676545
249675760
249681941
249617770
249679739
249651969
249703331
249616590
249687716
249688011
249693086
249680745
249671389
249671777
249727777
249669268
249668302
249701962
249619040
249749565
249695792
249658758
249711078
249703463
249659798
249672833
249693409
249639170
249693201
249647462
249650730
249646258
249670712
249681594
249703190
249716077
249658634
249598392
249721242
249663717
249687930
249759796
249672197
249673732
249590613
249653296
249685363
249695412
249681131
249693144
249645847
249690827
249743154
249661430
249684002
249704404
249651845
249657396
249703661
249648403
249708231
249726571
249675992
249638982
249648700
249641549