FAIDs
249175704
249165507
249154055
249095258
249145012
249124025
249121484
249148032
249123407
249135989
249142613
249158718
249150376
249106030
249125675
249164021
249135674
249126236
249144221
249153792
249150038
249151952
249160656
249122490
249144163
249123431
249145269
249149113
249173758
249134917
249098948
249115106
249130873
249148909
249140435
249125303
249161225
249129073
249122581
249168857
249174525
249131061
249152885
249128364
249150194
249148289
249141664
249152109
249172891
249143116
249152745
249144296
249157967
249107350
249146960
249167966
249152117
249163445
249102765
249114349
249115734
249126137
249150970
249136763
249133067
249127424
249158676
249153115
249129099
249107251
249103466
249105461
249111279
249129974
249130899
249144197
249154600
249160342
249174657
249133315
249095241
249132697
249145046
249138587
249154733
249144320
249150087
249098930
249116153
249126020
249111204
249132044
249143439
249128323
249152976
249172925
249116773
249104746
249094590
249145038

