FAIDs
249781220
249801879
249842451
249724832
249828989
249806969
249702739
249704073
249707944
249708017
249710427
249710518
249711557
249711813
249714478
249715673
249716689
249716903
249716978
249719634
249720780
249723073
249724956
249726233
249727520
249730599
249732330
249733486
249734591
249735085
249735713
249741083
249741174
249743915
249744764
249745399
249746157
249746504
249747080
249747510
249748427
249748484
249749128
249751959
249751975
249751983
249752460
249753237
249753542
249755265
249755281
249756792
249759416
249759630
249761545
249761768
249761925
249763541
249763780
249763905
249764408
249765884
249766098
249768722
249769266
249770660
249771429
249771973
249775396
249776501
249776865
249776881
249777087
249777970
249778937
249779877
249780453
249780818
249780834
249781667
249782434
249783622
249784588
249784752
249784786
249785213
249788563
249790247
249790882
249794876
249795493
249799412
249800244
249800301
249801630
249801812
249802992
249803081
249803388
249804725

