FAIDs
249799545
249799578
249800400
249801317
249802315
249802869
249803156
249803370
249803891
249804493
249804568
249805706
249807629
249809294
249814989
249816190
249816588
249818766
249819442
249822230
249822313
249822321
249822610
249823493
249823832
249825076
249826348
249826983
249828559
249828682
249829581
249829961
249831314
249832890
249833922
249835299
249836156
249837394
249844952
249850371
249856717
249859216
249733924
249738642
249775891
249742313
249841206
249849126
249814310
249824616
249823337
249699067
249704230
249707514
249707571
249708926
249709387
249715764
249716945
249719055
249727058
249728601
249729831
249731068
249731373
249731910
249734583
249738782
249739111
249742347
249742727
249744954
249746389
249746769
249747692
249748435
249752890
249756164
249761990
249763004
249763285
249764085
249764382
249767385
249767740
249768235
249770439
249771940
249772401
249772674
249772914
249772948
249773268
249774456
249775289
249775727
249775982
249776956
249777186
249778895
249779273
249780909
249784562
249786963
249787185
249787722
249789439
249790056
249791369
249791427
249791989
249793951
249795154
249795592
249795667
249796061
249796111
249796228
249797440
249798778
249799537
249801036
249801648
249803818
249807306
249808650
249808817
249809146
249811225
249811357
249812397
249812777
249813585
249813999
249814013
249814054
249815705
249816562
249816752
249816968
249817933
249819368
249823592
249827478
249828211
249829599
249829896
249830225
249831249
249832817
249834680
249837568
249839044
249842378
249842485
249843715
249847807