FAIDs
249850397
249851486
249841586
249716994
249725987
249836065
249829607
249743857
249750928
249787094
249792508
249788837
249807397
249813155
249688789
249704081
249705377
249707522
249709395
249715806
249716507
249718149
249718248
249719758
249721903
249723396
249723495
249723560
249733510
249733601
249734575
249735267
249738626
249738857
249739640
249742685
249744046
249746876
249747346
249748740
249748799
249748971
249751249
249751355
249751595
249752502
249752643
249753641
249754532
249754938
249755570
249757188
249758665
249762261
249762964
249767641
249768144
249768375
249769753
249776568
249777673
249779620
249780693
249783705
249784158
249787789
249787946
249788811
249791534
249792359
249794744
249794892
249796426
249796616
249796806
249797333
249797812
249798174
249799834
249801556
249801739
249803909
249804840
249807553
249808569
249808940
249811076
249813080
249813361
249814120
249816901
249821059
249822099
249823386
249823469
249823857
249823949
249825696
249826074
249826116
249827007
249827270
249827742
249830142
249834722
249835992
249837311
249839176
249845165
249846346
249849043
249850322
249859141
249718123
249818675
249721879
249768094
249821828
249790296
249841545
249698853
249707985
249708983
249709320
249709445
249713041
249715822
249716572
249721556
249723107
249724758
249727272
249728163
249730755
249733775
249735242
249739996
249742701
249744913
249745019
249745068
249745985
249746603
249747932
249748864
249749466
249750142
249752254
249752510
249753583
249754490
249755042
249758285
249760232
249760422
249762634
249762824
249762840
249763277
249763319
249763467
249763756
249763947
249765413
249769761
249770512
249771908
249772385
249772898
249773847
249773920
249775842
249776204
249779133
249779422
249780248
249780586
249780917
249782079
249787144
249787532
249789413
249789769
249791468
249792110
249793092
249794066
249794959
249796020
249796889
249799180
249801069
249802398
249802596