FAIDS
249805334
249805789
249806399
249807561
249808205
249810110
249810755
249810805
249812108
249812447
249813205
249813429
249815002
249817875
249820598
249821430
249822024
249824749
249826272
249833526
249835406
249836644
249836776
249837345
249837972
249838962
249841313
249842402
249857947
249707746
249729377
249707753
249771734
249739103
249718156
249736935
249787292
249729724
249817313
249734435
249739079
249771882
249783499
249789363
249748666
249749839
249797762
249778036
249793118
249806068
249801457
249835281
249836578
249798968
249725904
249773888
249778721
249780032
249780578
249781188
249784141
249786005
249786583
249787623
249787979
249788035
249791328
249791518
249792946
249793035
249793282
249793563
249794611
249794751
249795824
249796624
249797283
249798216
249799172
249800806
249800897
249803032
249803537
249805839
249806506
249808064
249809252
249809922
249810318
249811167
249811589
249816117
249816208
249816935
249817990
249820572
249820929
249821422
249823998
249826330






























